(1,1)       (1, 1)
(1,2)       (1, 2)
(1,3)       (1, 3)
(1,4)       (1, 4)
(1,5)       (1, 5)
(1,6)       (1, 6)
(1,7)       (1, 7)
(2,7)       (2, 7)
(3,7)       (3, 7)
(3,6)       (3, 6)
(3,5)       (3, 5)
(3,4)       (3, 4)
(3,3)       (3, 3)
(4,3)       (4, 3)
(5,3)       (5, 3)
(21,21)     (21, 21)   
(21,20)     (21, 20)   
(21,19)     (21, 19)   
(20,19)     (20, 19)   
(4,11)      (4, 11)   
(3,10)      (3, 10)   
(3,12)      (3, 12)   
(3,13)      (3, 13)   
(4,13)      (4, 13)   
(5,13)      (5, 13)   
(5,14)      (5, 14)   
(5,15)      (5, 15)   
(5,16)      (5, 16)   
(5,17)      (5, 17)   
(4,17)      (4, 17)   
(3,17)      (3, 17)   
(2,17)      (2, 17)   
(1,17)      (1, 17)   
(1,18)      (1, 18)   
(1,19)      (1, 19)   
(2,19)      (2, 19)   
(3,19)      (3, 19)   
(4,19)      (4, 19)   
(5,19)      (5, 19)   
(5,20)      (5, 20)   
(5,21)      (5, 21)   
(6,21)      (6, 21)   
(7,21)      (7, 21)   
(7,20)      (7, 20)   
(7,19)      (7, 19)   
(8,19)      (8, 19)   
(9,19)      (9, 19)   
(9,20)      (9, 20)   
(9,21)      (9, 21)   
(10,21)     (10, 21)   
(11,21)     (11, 21)   
(5,11)      (5, 11)   
(6,11)      (6, 11)   
(7,11)      (7, 11)   
(7,12)      (7, 12)   
(7,13)      (7, 13)   
(7,14)      (7, 14)   
(7,15)      (7, 15)   
(7,16)      (7, 16)   
(7,17)      (7, 17)   
(8,17)      (8, 17)   
(9,17)      (9, 17)   
(9,16)      (9, 16)   
(9,15)      (9, 15)   
(9,14)      (9, 14)   
(9,13)      (9, 13)   
(9,12)      (9, 12)   
(9,11)      (9, 11)   
(10,11)     (10, 11)   
(11,11)     (11, 11)   
(11,12)     (11, 12)   
(11,13)     (11, 13)   
(12,13)     (12, 13)   
(13,13)     (13, 13)   
(4,3)       (4, 3)
(6,3)       (6, 3)
(5,4)       (5, 4)
(5,5)       (5, 5)
(5,6)       (5, 6)
(5,7)       (5, 7)
(6,7)       (6, 7)
(7,7)       (7, 7)
(8,7)       (8, 7)
(9,7)       (9, 7)
(10,7)      (10, 7)   
(11,7)      (11, 7)   
(11,8)      (11, 8)   
(11,9)      (11, 9)   
(10,9)      (10, 9)   
(9,9)       (9, 9)
(8,9)       (8, 9)
(7,9)       (7, 9)
(6,9)       (6, 9)
(5,9)       (5, 9)
(4,9)       (4, 9)
(3,9)       (3, 9)
(3,10)      (3, 10)   
(3,11)      (3, 11)   
(7,3)       (7, 3)
(7,4)       (7, 4)
(7,5)       (7, 5)
(8,5)       (8, 5)
(9,5)       (9, 5)
(9,4)       (9, 4)
(9,3)       (9, 3)
(9,2)       (9, 2)
(9,1)       (9, 1)
(10,1)      (10, 1)   
(11,1)      (11, 1)   
(12,1)      (12, 1)   
(13,1)      (13, 1)   
(13,2)      (13, 2)   
(13,3)      (13, 3)   
(12,3)      (12, 3)   
(11,3)      (11, 3)   
(11,4)      (11, 4)   
(11,5)      (11, 5)   
(12,5)      (12, 5)   
(13,5)      (13, 5)   
(10,21)     (10, 21)   
(12,21)     (12, 21)   
(11,20)     (11, 20)   
(13,21)     (13, 21)   
(14,21)     (14, 21)   
(15,21)     (15, 21)   
(15,20)     (15, 20)   
(15,19)     (15, 19)   
(16,19)     (16, 19)   
(17,19)     (17, 19)   
(18,19)     (18, 19)   
(19,19)     (19, 19)   
(12,5)      (12, 5)   
(14,5)      (14, 5)   
(13,6)      (13, 6)   
(13,7)      (13, 7)   
(14,7)      (14, 7)   
(15,7)      (15, 7)   
(15,8)      (15, 8)   
(15,9)      (15, 9)   
(14,9)      (14, 9)   
(13,9)      (13, 9)   
(13,10)     (13, 10)   
(13,11)     (13, 11)   
(13,12)     (13, 12)   
(13,13)     (13, 13)   
(15,5)      (15, 5)   
(15,4)      (15, 4)   
(15,3)      (15, 3)   
(15,2)      (15, 2)   
(15,1)      (15, 1)   
(16,1)      (16, 1)   
(17,1)      (17, 1)   
(17,2)      (17, 2)   
(17,3)      (17, 3)   
(18,3)      (18, 3)   
(19,3)      (19, 3)   
(19,2)      (19, 2)   
(19,1)      (19, 1)   
(20,1)      (20, 1)   
(21,1)      (21, 1)   
(21,2)      (21, 2)   
(21,3)      (21, 3)   
(21,4)      (21, 4)   
(21,5)      (21, 5)   
(20,5)      (20, 5)   
(19,5)      (19, 5)   
(19,6)      (19, 6)   
(19,7)      (19, 7)   
(18,7)      (18, 7)   
(17,7)      (17, 7)   
(17,8)      (17, 8)   
(17,9)      (17, 9)   
(18,9)      (18, 9)   
(19,9)      (19, 9)   
(20,9)      (20, 9)   
(21,9)      (21, 9)   
(21,10)     (21, 10)   
(21,11)     (21, 11)   
(20,11)     (20, 11)   
(19,11)     (19, 11)   
(19,12)     (19, 12)   
(19,13)     (19, 13)   
(12,13)     (12, 13)   
(14,13)     (14, 13)   
(13,12)     (13, 12)   
(13,14)     (13, 14)   
(13,15)     (13, 15)   
(14,15)     (14, 15)   
(15,15)     (15, 15)   
(16,15)     (16, 15)   
(17,15)     (17, 15)   
(17,16)     (17, 16)   
(17,17)     (17, 17)   
(16,17)     (16, 17)   
(15,17)     (15, 17)   
(14,17)     (14, 17)   
(13,17)     (13, 17)   
(12,17)     (12, 17)   
(11,17)     (11, 17)   
(11,18)     (11, 18)   
(11,19)     (11, 19)   
(11,20)     (11, 20)   
(11,21)     (11, 21)   
(15,13)     (15, 13)   
(15,12)     (15, 12)   
(15,11)     (15, 11)   
(16,11)     (16, 11)   
(17,11)     (17, 11)   
(17,12)     (17, 12)   
(17,13)     (17, 13)   
(18,13)     (18, 13)   
(19,13)     (19, 13)   
(18,13)     (18, 13)   
(19,12)     (19, 12)   
(19,14)     (19, 14)   
(19,15)     (19, 15)   
(20,15)     (20, 15)   
(21,15)     (21, 15)   
(21,16)     (21, 16)   
(21,17)     (21, 17)   
(20,17)     (20, 17)   
(19,17)     (19, 17)   
(19,18)     (19, 18)   
(19,19)     (19, 19)   
(18,19)     (18, 19)   
(20,19)     (20, 19)   
(19,18)     (19, 18)   
(21,19)     (21, 19)   
(21,20)     (21, 20)   
(21,21)     (21, 21)   
(22,21)     (22, 21)   
======================       
1,2         (0, 1)
23,22       (22, 21)
(19,19)     =========  
(18,19)     (5, 3)     
(20,19)     (3, 11)    
(19,18)     (11, 21)   
(21,19)     (19, 19)   
(21,20)     (22, 21)   
(21,21)     (13, 13)   
(22,21)     (11, 21)   
============(19, 19) =       
(5,3)       (22, 21)
(13,5)      (19, 13)  
(19,13)     (19, 19)   
(19,19)     (22, 21)   
(22,21)     (13, 5)    
(13,13)     (13, 13)   
(19,13)     (11, 21)   
(11,21)     (19, 19)   
(19,19)     (22, 21)   
(3,11)      (19, 13)  
(13,13)     (19, 19)   
(11,21)     (22, 21)   
90          (19, 13)
            (19, 19)
            (22, 21)
(1, 1)      94
(1, 2)
(1, 3)
(1, 4)
(1, 5)
(1, 6)
(1, 7)
(2, 7)
(3, 7)
(3, 6)
(3, 5)
(3, 4)
(3, 3)
(4, 3)
(5, 3)
(21, 21)
(21, 20)
(21, 19)
(20, 19)
(4, 11)
(3, 10)
(3, 12)
(3, 13)
(4, 13)
(5, 13)
(5, 14)
(5, 15)
(5, 16)
(5, 17)
(4, 17)
(3, 17)
(2, 17)
(1, 17)
(1, 18)
(1, 19)
(2, 19)
(3, 19)
(4, 19)
(5, 19)
(5, 20)
(5, 21)
(6, 21)
(7, 21)
(7, 20)
(7, 19)
(8, 19)
(9, 19)
(9, 20)
(9, 21)
(10, 21)
(11, 21)
(5, 11)
(6, 11)
(7, 11)
(7, 12)
(7, 13)
(7, 14)
(7, 15)
(7, 16)
(7, 17)
(8, 17)
(9, 17)
(9, 16)
(9, 15)
(9, 14)
(9, 13)
(9, 12)
(9, 11)
(10, 11)
(11, 11)
(11, 12)
(11, 13)
(12, 13)
(13, 13)
(4, 3)
(6, 3)
(5, 4)
(5, 5)
(5, 6)
(5, 7)
(6, 7)
(7, 7)
(8, 7)
(9, 7)
(10, 7)
(11, 7)
(11, 8)
(11, 9)
(10, 9)
(9, 9)
(8, 9)
(7, 9)
(6, 9)
(5, 9)
(4, 9)
(3, 9)
(3, 10)
(3, 11)
(7, 3)
(7, 4)
(7, 5)
(8, 5)
(9, 5)
(9, 4)
(9, 3)
(9, 2)
(9, 1)
(10, 1)
(11, 1)
(12, 1)
(13, 1)
(13, 2)
(13, 3)
(12, 3)
(11, 3)
(11, 4)
(11, 5)
(12, 5)
(13, 5)
(10, 21)
(12, 21)
(11, 20)
(13, 21)
(14, 21)
(15, 21)
(15, 20)
(15, 19)
(16, 19)
(17, 19)
(18, 19)
(19, 19)
(12, 5)
(14, 5)
(13, 6)
(13, 7)
(14, 7)
(15, 7)
(15, 8)
(15, 9)
(14, 9)
(13, 9)
(13, 10)
(13, 11)
(13, 12)
(13, 13)
(15, 5)
(15, 4)
(15, 3)
(15, 2)
(15, 1)
(16, 1)
(17, 1)
(17, 2)
(17, 3)
(18, 3)
(19, 3)
(19, 2)
(19, 1)
(20, 1)
(21, 1)
(21, 2)
(21, 3)
(21, 4)
(21, 5)
(20, 5)
(19, 5)
(19, 6)
(19, 7)
(18, 7)
(17, 7)
(17, 8)
(17, 9)
(18, 9)
(19, 9)
(20, 9)
(21, 9)
(21, 10)
(21, 11)
(20, 11)
(19, 11)
(19, 12)
(19, 13)
(12, 13)
(14, 13)
(13, 12)
(13, 14)
(13, 15)
(14, 15)
(15, 15)
(16, 15)
(17, 15)
(17, 16)
(17, 17)
(16, 17)
(15, 17)
(14, 17)
(13, 17)
(12, 17)
(11, 17)
(11, 18)
(11, 19)
(11, 20)
(11, 21)
(15, 13)
(15, 12)
(15, 11)
(16, 11)
(17, 11)
(17, 12)
(17, 13)
(18, 13)
(19, 13)
(18, 13)
(19, 12)
(19, 14)
(19, 15)
(20, 15)
(21, 15)
(21, 16)
(21, 17)
(20, 17)
(19, 17)
(19, 18)
(19, 19)
(18, 19)
(20, 19)
(19, 18)
(21, 19)
(21, 20)
(21, 21)
(22, 21)
=========
(0, 1)
(22, 21)
=========
(5, 3)
(3, 11)
(11, 21)
(19, 19)
(22, 21)
(13, 13)
(11, 21)
(19, 19)
(22, 21)
(19, 13)
(19, 19)
(22, 21)
(13, 5)
(13, 13)
(11, 21)
(19, 19)
(22, 21)
(19, 13)
(19, 19)
(22, 21)
(19, 13)
(19, 19)
(22, 21)
94
