lua one.lua

mine
100         100
13          13
1200        1200 
12          12
1000        1000 
4           4
700         700
300         300
5           5
8           8
400         400
1200        1200 
1           1
1           1
600         600
200         200
7           7
200         200
7           7
1600        1600 
700         700
1000        1000 
400         400
200         200
900         900
12          12
1000        1000 
4           4
8           8
2           2
1500        1500 
1000        1000 
900         900
800         800
3           3
200         200
600         600
1           1
200         200
14          14
1000        1000 
1200        1200 
10          10
200         300
1200        200  
500         1200
5           500
900         5
200         900
100         200
5           100
700         600
1000        5    
1400        700  
13          1000
1000        1400 
600         13
2           5
600         1000
2           600
8           4
1500        2    
200         600
500         2
1           8
900         1500
300         200
10          500
900         1
800         500
1           900
7           300
600         10
7           900
100         800
400         1
100         800
900         7
5           600
6           7
10          100
2           400
400         100
400         900
6           5
1500        6    
200         10
1200        1100 
1000        2    
4           400
900         400
            300
            6
100         1500
13          200
1200        1200
12          1000
1000        500
4           4
700         900
300
5
8
400
1200
1
1
600
200
7
200
7
1600
700
1000
400
200
900
12
1000
4
8
2
1500
1000
900
800
3
200
600
1
200
14
1000
1200
10
300
200
1200
500
5
900
200
100
600
5
700
1000
1400
13
5
1000
600
4
2
600
2
8
1500
200
500
1
500
900
300
10
900
800
1
800
7
600
7
100
400
100
900
5
6
10
1100
2
400
400
300
6
1500
200
1200
1000
500
4
900
